#
0 0 1034 2304
0 8 1035 2304
8 0 1036 2304
8 8 1037 2304
#
0 0 1034 2304
0 8 1035 2304
8 0 1036 2304
8 8 1037 2304
#
0 0 1034 2304
0 8 1035 2304
8 0 1036 2304
8 8 1037 2304
#
0 0 1034 2304
0 8 1035 2304
8 0 1036 2304
8 8 1037 2304
#
0 0 1034 2304
0 8 1035 2304
8 0 1036 2304
8 8 1037 2304
#
0 0 1034 2304
0 8 1035 2304
8 0 1036 2304
8 8 1037 2304
#
0 0 1034 2304
0 8 1035 2304
8 0 1036 2304
8 8 1037 2304
#
0 0 1034 2304
0 8 1035 2304
8 0 1036 2304
8 8 1037 2304
#
0 0 1034 2304
0 8 1035 2304
8 0 1036 2304
8 8 1037 2304
#
0 0 1034 2304
0 8 1035 2304
8 0 1036 2304
8 8 1037 2304
#
0 0 1034 2304
0 8 1035 2304
8 0 1036 2304
8 8 1037 2304
#
0 0 1034 2304
0 8 1035 2304
8 0 1036 2304
8 8 1037 2304
#
0 0 1034 2304
0 8 1035 2304
8 0 1036 2304
8 8 1037 2304
#
0 0 1034 2304
0 8 1035 2304
8 0 1036 2304
8 8 1037 2304
#
0 0 1034 2304
0 8 1035 2304
8 0 1036 2304
8 8 1037 2304
#
0 0 1034 2304
0 8 1035 2304
8 0 1036 2304
8 8 1037 2304
#
0 0 1034 2304
0 8 1035 2304
8 0 1036 2304
8 8 1037 2304
#
0 0 1034 2304
0 8 1035 2304
8 0 1036 2304
8 8 1037 2304
#
0 0 1034 2304
0 8 1035 2304
8 0 1036 2304
8 8 1037 2304
#
0 0 1034 2304
0 8 1035 2304
8 0 1036 2304
8 8 1037 2304
#
0 0 1034 2304
0 8 1035 2304
8 0 1036 2304
8 8 1037 2304
#
0 0 1034 2304
0 8 1035 2304
8 0 1036 2304
8 8 1037 2304
#
0 0 1034 2304
0 8 1035 2304
8 0 1036 2304
8 8 1037 2304
#
0 0 1034 2304
0 8 1035 2304
8 0 1036 2304
8 8 1037 2304
#
0 0 1034 2304
0 8 1035 2304
8 0 1036 2304
8 8 1037 2304
#
0 0 1034 2304
0 8 1035 2304
8 0 1036 2304
8 8 1037 2304
#
0 0 1034 2304
0 8 1035 2304
8 0 1036 2304
8 8 1037 2304
#
0 0 1034 2304
0 8 1035 2304
8 0 1036 2304
8 8 1037 2304
#
0 0 1034 2304
0 8 1035 2304
8 0 1036 2304
8 8 1037 2304
#
0 0 1034 2304
0 8 1035 2304
8 0 1036 2304
8 8 1037 2304
#
0 0 1034 2304
0 8 1035 2304
8 0 1036 2304
8 8 1037 2304
#
0 0 1034 2304
0 8 1035 2304
8 0 1036 2304
8 8 1037 2304
#
0 0 1034 2304
0 8 1035 2304
8 0 1036 2304
8 8 1037 2304
#
0 0 1034 2304
0 8 1035 2304
8 0 1036 2304
8 8 1037 2304
#
0 0 1034 2304
0 8 1035 2304
8 0 1036 2304
8 8 1037 2304
#
0 0 1034 2304
0 8 1035 2304
8 0 1036 2304
8 8 1037 2304
#
0 0 1034 2304
0 8 1035 2304
8 0 1036 2304
8 8 1037 2304
#
16 0 1180 2048
16 8 1181 2048
24 0 1182 2048
24 8 1183 2048
-16 0 1166 2048
-16 8 1167 2048
8 0 1180 2048
0 0 1180 2048
-8 0 1180 2048
8 8 1181 2048
0 8 1181 2048
-8 8 1181 2048
#
0 0 1034 2304
0 8 1035 2304
8 0 1036 2304
8 8 1037 2304
#
0 0 1034 2304
0 8 1035 2304
8 0 1036 2304
8 8 1037 2304
#
0 0 1034 2304
0 8 1035 2304
8 0 1036 2304
8 8 1037 2304
#
0 0 1034 2304
0 8 1035 2304
8 0 1036 2304
8 8 1037 2304
#
0 0 1034 2304
0 8 1035 2304
8 0 1036 2304
8 8 1037 2304
#
0 0 1034 2304
0 8 1035 2304
8 0 1036 2304
8 8 1037 2304
#
0 0 1034 2304
0 8 1035 2304
8 0 1036 2304
8 8 1037 2304
#
0 0 1034 2304
0 8 1035 2304
8 0 1036 2304
8 8 1037 2304
#
0 0 1198 3328
8 0 1199 3328
0 8 1214 3328
8 8 1215 3328
#
0 0 1034 2304
0 8 1035 2304
8 0 1036 2304
8 8 1037 2304
#
0 0 1034 2304
0 8 1035 2304
8 0 1036 2304
8 8 1037 2304
#
0 0 1034 2304
0 8 1035 2304
8 0 1036 2304
8 8 1037 2304
#
0 0 1034 2304
0 8 1035 2304
8 0 1036 2304
8 8 1037 2304
#
0 0 1034 2304
0 8 1035 2304
8 0 1036 2304
8 8 1037 2304
#
0 0 1034 2304
0 8 1035 2304
8 0 1036 2304
8 8 1037 2304
#
16 0 1180 2048
16 8 1181 2048
24 0 1182 2048
24 8 1183 2048
8 0 1180 2048
0 0 1180 2048
8 8 1181 2048
0 8 1181 2048
-16 0 1166 2048
-16 8 1167 2048
-8 0 1180 2048
-8 8 1181 2048
#
16 0 1180 2048
16 8 1181 2048
24 0 1182 2048
24 8 1183 2048
-16 0 1166 2048
-16 8 1167 2048
8 0 1180 2048
0 0 1180 2048
-8 0 1180 2048
8 8 1181 2048
0 8 1181 2048
-8 8 1181 2048
#
0 0 1034 2304
0 8 1035 2304
8 0 1036 2304
8 8 1037 2304
#
0 0 1034 2304
0 8 1035 2304
8 0 1036 2304
8 8 1037 2304
#
0 0 1034 2304
0 8 1035 2304
8 0 1036 2304
8 8 1037 2304
#
0 0 1034 2304
0 8 1035 2304
8 0 1036 2304
8 8 1037 2304
#
16 0 1180 2048
16 8 1181 2048
24 0 1182 2048
24 8 1183 2048
-16 0 1166 2048
-16 8 1167 2048
8 0 1180 2048
0 0 1180 2048
-8 0 1180 2048
8 8 1181 2048
0 8 1181 2048
-8 8 1181 2048
#
0 0 1034 2304
0 8 1035 2304
8 0 1036 2304
8 8 1037 2304
#
0 0 1034 2304
0 8 1035 2304
8 0 1036 2304
8 8 1037 2304
#
0 -16 1216 3328
0 -8 1217 3328
8 -16 1218 3328
8 -8 1219 3328
0 0 1220 3328
0 8 1221 3328
8 0 1222 3328
8 8 1223 3328
#
0 0 1034 2304
0 8 1035 2304
8 0 1036 2304
8 8 1037 2304
#
0 0 1104 2304
8 8 1107 6400
0 8 1105 2560
8 0 1108 6400
#
0 0 1034 2304
0 8 1035 2304
8 0 1036 2304
8 8 1037 2304
#
0 0 1034 2304
0 8 1035 2304
8 0 1036 2304
8 8 1037 2304
#
16 0 1180 2048
16 8 1181 2048
24 0 1182 2048
24 8 1183 2048
-16 0 1166 2048
-16 8 1167 2048
8 0 1180 2048
0 0 1180 2048
-8 0 1180 2048
8 8 1181 2048
0 8 1181 2048
-8 8 1181 2048
#
0 0 1034 2304
0 8 1035 2304
8 0 1036 2304
8 8 1037 2304
#
0 0 1034 2304
0 8 1035 2304
8 0 1036 2304
8 8 1037 2304
#
0 0 1034 2304
0 8 1035 2304
8 0 1036 2304
8 8 1037 2304
#
0 0 1034 2304
0 8 1035 2304
8 0 1036 2304
8 8 1037 2304
#
0 0 1034 2304
0 8 1035 2304
8 0 1036 2304
8 8 1037 2304
#
0 0 1034 2304
0 8 1035 2304
8 0 1036 2304
8 8 1037 2304
#
0 -8 1369 3072
-8 0 1370 3072
0 0 1372 3072
8 0 1372 7168
8 -8 1369 7168
16 0 1370 7168
0 8 1373 3072
8 8 1373 7168
-8 8 1371 3072
16 8 1371 7168
#
0 0 1034 2304
0 8 1035 2304
8 0 1036 2304
8 8 1037 2304
#
0 0 1034 2304
0 8 1035 2304
8 0 1036 2304
8 8 1037 2304
#
0 0 1034 2304
0 8 1035 2304
8 0 1036 2304
8 8 1037 2304
#
0 0 1034 2304
0 8 1035 2304
8 0 1036 2304
8 8 1037 2304
#
0 0 1034 2304
0 8 1035 2304
8 0 1036 2304
8 8 1037 2304
#
0 0 1034 2304
0 8 1035 2304
8 0 1036 2304
8 8 1037 2304
#
0 0 1034 2304
0 8 1035 2304
8 0 1036 2304
8 8 1037 2304
#
0 0 1034 2304
0 8 1035 2304
8 0 1036 2304
8 8 1037 2304
#
0 0 1034 2304
0 8 1035 2304
8 0 1036 2304
8 8 1037 2304
#
0 0 1034 2304
0 8 1035 2304
8 0 1036 2304
8 8 1037 2304
#
0 0 1034 2304
0 8 1035 2304
8 0 1036 2304
8 8 1037 2304
#
0 0 1034 2304
0 8 1035 2304
8 0 1036 2304
8 8 1037 2304
#
0 0 1034 2304
0 8 1035 2304
8 0 1036 2304
8 8 1037 2304
#
0 0 1184 2304
0 8 1185 2304
8 0 1186 2304
8 8 1187 2304
#
0 0 1160 2304
0 8 1176 2304
8 0 1161 2304
8 8 1177 2304
#
0 0 1160 2304
0 8 1176 2304
8 0 1161 2304
8 8 1177 2304
#
0 0 1034 2304
0 8 1035 2304
8 0 1036 2304
8 8 1037 2304
#
0 0 1034 2304
0 8 1035 2304
8 0 1036 2304
8 8 1037 2304
#
0 0 1034 2304
0 8 1035 2304
8 0 1036 2304
8 8 1037 2304
#
0 0 1034 2304
0 8 1035 2304
8 0 1036 2304
8 8 1037 2304
#
0 0 1034 2304
0 8 1035 2304
8 0 1036 2304
8 8 1037 2304
#
0 0 1034 2304
0 8 1035 2304
8 0 1036 2304
8 8 1037 2304
#
0 0 1034 2304
0 8 1035 2304
8 0 1036 2304
8 8 1037 2304
#
0 0 1034 2304
0 8 1035 2304
8 0 1036 2304
8 8 1037 2304
#
0 0 1034 2304
0 8 1035 2304
8 0 1036 2304
8 8 1037 2304
#
0 0 1034 2304
0 8 1035 2304
8 0 1036 2304
8 8 1037 2304
#
0 0 1034 2304
0 8 1035 2304
8 0 1036 2304
8 8 1037 2304
#
0 0 1034 2304
0 8 1035 2304
8 0 1036 2304
8 8 1037 2304
#
0 0 1034 2304
0 8 1035 2304
8 0 1036 2304
8 8 1037 2304
#
0 0 1034 2304
0 8 1035 2304
8 0 1036 2304
8 8 1037 2304
#
0 0 1034 2304
0 8 1035 2304
8 0 1036 2304
8 8 1037 2304
#
0 0 1140 2304
0 8 1141 2304
8 0 1142 2304
8 8 1143 2304
#
0 -12 1217 2560
0 -4 1218 2560
0 4 1219 2560
8 -4 1220 2560
8 4 1221 2560
0 12 1272 2560
8 12 1274 2560
#
0 -12 1217 2304
0 12 1272 2304
8 12 1274 2304
0 -4 1218 2304
0 4 1219 2304
8 -4 1220 2304
8 4 1221 2304
#
0 -12 1217 2560
0 -4 1218 2560
8 -4 1220 2560
0 4 1219 2560
8 4 1221 2560
0 12 1272 2560
8 12 1274 2560
8 -4 1229 2048
8 -12 1228 2048
#
0 -12 1217 2304
0 12 1272 2304
8 12 1274 2304
0 -4 1218 2304
0 4 1219 2304
8 -4 1220 2304
8 4 1221 2304
8 -12 1228 2048
9 -4 1229 2048
#
0 0 1168 2560
0 8 1169 2560
8 0 1170 2560
8 8 1171 2560
#
0 0 1034 2304
0 8 1035 2304
8 0 1036 2304
8 8 1037 2304
#
0 0 1240 2304
0 8 1241 2304
8 0 1242 6400
8 8 1243 6400
#
10 -2 1229 2048
10 -10 1228 2048
-2 -2 1229 6144
-2 -10 1228 6144
0 0 1240 2560
0 8 1241 2560
8 0 1242 6656
8 8 1243 6656
#
0 0 1240 2304
0 8 1241 2304
8 0 1242 6400
8 8 1243 6400
16 8 1279 2304
#
0 0 1034 2304
0 8 1035 2304
8 0 1036 2304
8 8 1037 2304
#
0 0 1034 2304
0 8 1035 2304
8 0 1036 2304
8 8 1037 2304
#
0 0 1254 2560
0 8 1255 2560
8 0 1256 2560
8 8 1257 2560
#
0 0 1034 2304
0 8 1035 2304
8 0 1036 2304
8 8 1037 2304
#
0 0 1034 2304
0 8 1035 2304
8 0 1036 2304
8 8 1037 2304
#
0 0 1034 2304
0 8 1035 2304
8 0 1036 2304
8 8 1037 2304
#
0 0 1034 2304
0 8 1035 2304
8 0 1036 2304
8 8 1037 2304
#
0 0 1034 2304
0 8 1035 2304
8 0 1036 2304
8 8 1037 2304
#
0 0 1034 2304
0 8 1035 2304
8 0 1036 2304
8 8 1037 2304
#
0 0 1034 2304
0 8 1035 2304
8 0 1036 2304
8 8 1037 2304
#
0 0 1034 2304
0 8 1035 2304
8 0 1036 2304
8 8 1037 2304
#
0 -12 1217 2560
0 -4 1218 2560
0 4 1219 2560
8 -4 1220 2560
8 4 1221 2560
0 12 1272 2560
8 12 1274 2560
8 -4 1229 2048
8 -12 1228 2048
#
0 -8 1344 2304
0 0 1345 2304
8 -8 1346 2304
8 0 1347 2304
0 8 1380 2304
8 8 1382 2304
#
0 0 1344 2560
0 8 1345 2560
8 0 1346 2560
8 8 1347 2560
0 16 1380 2560
8 16 1382 2560
8 -8 1352 2560
8 0 1353 2560
16 -8 1354 2560
16 0 1355 2560
#
0 0 1034 2304
0 8 1035 2304
8 0 1036 2304
8 8 1037 2304
#
0 0 1034 2304
0 8 1035 2304
8 0 1036 2304
8 8 1037 2304
#
0 0 1034 2304
0 8 1035 2304
8 0 1036 2304
8 8 1037 2304
#
0 0 1034 2304
0 8 1035 2304
8 0 1036 2304
8 8 1037 2304
#
0 0 1034 2304
0 8 1035 2304
8 0 1036 2304
8 8 1037 2304
#
0 0 1034 2304
0 8 1035 2304
8 0 1036 2304
8 8 1037 2304
#
0 0 1034 2304
0 8 1035 2304
8 0 1036 2304
8 8 1037 2304
#
4 0 1200 3328
4 8 1201 3328
12 0 1202 3328
12 8 1203 3328
20 0 1200 7424
20 8 1201 7424
12 16 1208 3328
12 24 1209 3328
20 16 1210 7424
20 24 1211 7424
4 24 1211 3328
4 16 1210 3328
#
0 0 1034 2304
0 8 1035 2304
8 0 1036 2304
8 8 1037 2304
#
0 0 1034 2304
0 8 1035 2304
8 0 1036 2304
8 8 1037 2304
#
0 0 1034 2304
0 8 1035 2304
8 0 1036 2304
8 8 1037 2304
#
0 0 1034 2304
0 8 1035 2304
8 0 1036 2304
8 8 1037 2304
#
0 0 1034 2304
0 8 1035 2304
8 0 1036 2304
8 8 1037 2304
#
0 0 1034 2304
0 8 1035 2304
8 0 1036 2304
8 8 1037 2304
#
0 0 1034 2304
0 8 1035 2304
8 0 1036 2304
8 8 1037 2304
#
0 0 1034 2304
0 8 1035 2304
8 0 1036 2304
8 8 1037 2304
#
0 0 1034 2304
0 8 1035 2304
8 0 1036 2304
8 8 1037 2304
#
0 0 1034 2304
0 8 1035 2304
8 0 1036 2304
8 8 1037 2304
#
0 0 1034 2304
0 8 1035 2304
8 0 1036 2304
8 8 1037 2304
#
0 0 1034 2304
0 8 1035 2304
8 0 1036 2304
8 8 1037 2304
#
0 0 1034 2304
0 8 1035 2304
8 0 1036 2304
8 8 1037 2304
#
0 0 1034 2304
0 8 1035 2304
8 0 1036 2304
8 8 1037 2304
#
0 0 1034 2304
0 8 1035 2304
8 0 1036 2304
8 8 1037 2304
#
0 0 1034 2304
0 8 1035 2304
8 0 1036 2304
8 8 1037 2304
#
0 0 1034 2304
0 8 1035 2304
8 0 1036 2304
8 8 1037 2304
#
0 0 1034 2304
0 8 1035 2304
8 0 1036 2304
8 8 1037 2304
#
0 0 1034 2304
0 8 1035 2304
8 0 1036 2304
8 8 1037 2304
#
0 0 1276 2304
0 8 1277 2304
8 8 1277 6400
8 0 1276 6400
#
0 0 1034 2304
0 8 1035 2304
8 0 1036 2304
8 8 1037 2304
#
8 0 1248 2560
8 8 1249 2560
16 0 1248 6656
16 8 1249 6656
8 16 1250 2560
16 16 1250 6656
8 24 1251 2560
16 24 1251 6656
#
0 0 1034 2304
0 8 1035 2304
8 0 1036 2304
8 8 1037 2304
#
0 0 1034 2304
0 8 1035 2304
8 0 1036 2304
8 8 1037 2304
#
8 8 1248 10496
8 0 1249 10496
16 8 1248 14592
16 0 1249 14592
8 -8 1250 10752
16 -8 1250 14848
8 -16 1251 10752
16 -16 1251 14848
#
8 0 1264 2560
16 0 1266 2560
8 8 1265 2560
16 8 1267 2560
8 16 1250 2560
16 16 1250 6656
8 24 1251 2560
16 24 1251 6656
#
0 0 1034 2304
0 8 1035 2304
8 0 1036 2304
8 8 1037 2304
#
8 0 1264 2304
16 0 1266 2304
8 8 1265 2304
16 8 1267 2304
8 16 1250 2560
16 16 1250 6656
8 24 1251 2560
16 24 1251 6656
#
0 0 1034 2304
0 8 1035 2304
8 0 1036 2304
8 8 1037 2304
#
0 0 1034 2304
0 8 1035 2304
8 0 1036 2304
8 8 1037 2304
#
0 0 1034 2304
0 8 1035 2304
8 0 1036 2304
8 8 1037 2304
#
0 0 1034 2304
0 8 1035 2304
8 0 1036 2304
8 8 1037 2304
#
0 0 1034 2304
0 8 1035 2304
8 0 1036 2304
8 8 1037 2304
#
0 0 1034 2304
0 8 1035 2304
8 0 1036 2304
8 8 1037 2304
#
0 0 1034 2304
0 8 1035 2304
8 0 1036 2304
8 8 1037 2304
#
0 0 1034 2304
0 8 1035 2304
8 0 1036 2304
8 8 1037 2304
#
-8 -8 1200 2304
-8 0 1201 2304
0 -8 1202 2304
0 0 1203 2304
8 -8 1202 6400
8 0 1203 6400
16 0 1201 6400
16 -8 1200 6400
0 8 1204 2304
8 8 1204 6400
0 16 1205 2304
8 16 1205 6400
-8 8 1201 10496
16 8 1201 14592
-8 16 1200 10496
16 16 1200 14592
#
0 0 1034 2304
0 8 1035 2304
8 0 1036 2304
8 8 1037 2304
#
0 0 1034 2304
0 8 1035 2304
8 0 1036 2304
8 8 1037 2304
#
0 0 1034 2304
0 8 1035 2304
8 0 1036 2304
8 8 1037 2304
#
0 0 1034 2304
0 8 1035 2304
8 0 1036 2304
8 8 1037 2304
#
0 0 1034 2304
0 8 1035 2304
8 0 1036 2304
8 8 1037 2304
#
0 0 1034 2304
0 8 1035 2304
8 0 1036 2304
8 8 1037 2304
#
0 0 1034 2304
0 8 1035 2304
8 0 1036 2304
8 8 1037 2304
#
0 0 1034 2304
0 8 1035 2304
8 0 1036 2304
8 8 1037 2304
#
0 0 1034 2304
0 8 1035 2304
8 0 1036 2304
8 8 1037 2304
#
0 0 1034 2304
0 8 1035 2304
8 0 1036 2304
8 8 1037 2304
#
0 0 1450 2304
0 8 1451 2304
8 0 1452 2304
8 8 1453 2304
#
0 0 1034 2304
0 8 1035 2304
8 0 1036 2304
8 8 1037 2304
#
0 0 1034 2304
0 8 1035 2304
8 0 1036 2304
8 8 1037 2304
#
0 0 1034 2304
0 8 1035 2304
8 0 1036 2304
8 8 1037 2304
#
0 0 1034 2304
0 8 1035 2304
8 0 1036 2304
8 8 1037 2304
#
0 0 1034 2304
0 8 1035 2304
8 0 1036 2304
8 8 1037 2304
#
0 0 1034 2304
0 8 1035 2304
8 0 1036 2304
8 8 1037 2304
#
16 -8 1242 6400
16 0 1243 6400
#
0 0 1034 2304
0 8 1035 2304
8 0 1036 2304
8 8 1037 2304
#
0 0 1034 2304
0 8 1035 2304
8 0 1036 2304
8 8 1037 2304
#
0 0 1034 2304
0 8 1035 2304
8 0 1036 2304
8 8 1037 2304
#
0 0 1034 2304
0 8 1035 2304
8 0 1036 2304
8 8 1037 2304
#
0 0 1034 2304
0 8 1035 2304
8 0 1036 2304
8 8 1037 2304
#
0 0 1034 2304
0 8 1035 2304
8 0 1036 2304
8 8 1037 2304
#
0 0 1034 2304
0 8 1035 2304
8 0 1036 2304
8 8 1037 2304
#
0 0 1034 2304
0 8 1035 2304
8 0 1036 2304
8 8 1037 2304
#
0 0 1034 2304
0 8 1035 2304
8 0 1036 2304
8 8 1037 2304
#
0 0 1034 2304
0 8 1035 2304
8 0 1036 2304
8 8 1037 2304
#
0 0 1034 2304
0 8 1035 2304
8 0 1036 2304
8 8 1037 2304
#
0 0 1034 2304
0 8 1035 2304
8 0 1036 2304
8 8 1037 2304
#
0 0 1034 2304
0 8 1035 2304
8 0 1036 2304
8 8 1037 2304
#
0 0 1034 2304
0 8 1035 2304
8 0 1036 2304
8 8 1037 2304
#
0 0 1034 2304
0 8 1035 2304
8 0 1036 2304
8 8 1037 2304
#
0 0 1034 2304
0 8 1035 2304
8 0 1036 2304
8 8 1037 2304
#
0 0 1034 2304
0 8 1035 2304
8 0 1036 2304
8 8 1037 2304
#
0 0 1034 2304
0 8 1035 2304
8 0 1036 2304
8 8 1037 2304
#
0 0 1034 2304
0 8 1035 2304
8 0 1036 2304
8 8 1037 2304
#
0 0 1034 2304
0 8 1035 2304
8 0 1036 2304
8 8 1037 2304
#
0 0 1034 2304
0 8 1035 2304
8 0 1036 2304
8 8 1037 2304
#
0 0 1034 2304
0 8 1035 2304
8 0 1036 2304
8 8 1037 2304
#
0 0 1034 2304
0 8 1035 2304
8 0 1036 2304
8 8 1037 2304
#
0 0 1034 2304
0 8 1035 2304
8 0 1036 2304
8 8 1037 2304
#
0 0 1034 2304
0 8 1035 2304
8 0 1036 2304
8 8 1037 2304
#
0 0 1034 2304
0 8 1035 2304
8 0 1036 2304
8 8 1037 2304
#
0 0 1034 2304
0 8 1035 2304
8 0 1036 2304
8 8 1037 2304
#
0 0 1034 2304
0 8 1035 2304
8 0 1036 2304
8 8 1037 2304
#
0 0 1034 2304
0 8 1035 2304
8 0 1036 2304
8 8 1037 2304
#
0 0 1034 2304
0 8 1035 2304
8 0 1036 2304
8 8 1037 2304
#
0 0 1034 2304
0 8 1035 2304
8 0 1036 2304
8 8 1037 2304
#
0 0 1034 2304
0 8 1035 2304
8 0 1036 2304
8 8 1037 2304
#
0 0 1034 2304
0 8 1035 2304
8 0 1036 2304
8 8 1037 2304
#
0 0 1034 2304
0 8 1035 2304
8 0 1036 2304
8 8 1037 2304
#
0 0 1034 2304
0 8 1035 2304
8 0 1036 2304
8 8 1037 2304
#
0 0 1034 2304
0 8 1035 2304
8 0 1036 2304
8 8 1037 2304
#
0 0 1034 2304
0 8 1035 2304
8 0 1036 2304
8 8 1037 2304
#
0 0 1034 2304
0 8 1035 2304
8 0 1036 2304
8 8 1037 2304
#
0 0 1034 2304
0 8 1035 2304
8 0 1036 2304
8 8 1037 2304
#
0 0 1034 2304
0 8 1035 2304
8 0 1036 2304
8 8 1037 2304
#
0 0 1034 2304
0 8 1035 2304
8 0 1036 2304
8 8 1037 2304
#
0 0 1034 2304
0 8 1035 2304
8 0 1036 2304
8 8 1037 2304
#
0 0 1034 2304
0 8 1035 2304
8 0 1036 2304
8 8 1037 2304
#
0 0 1034 2304
0 8 1035 2304
8 0 1036 2304
8 8 1037 2304
#
0 0 1034 2304
0 8 1035 2304
8 0 1036 2304
8 8 1037 2304
#
0 0 1034 2304
0 8 1035 2304
8 0 1036 2304
8 8 1037 2304
#
0 0 1034 2304
0 8 1035 2304
8 0 1036 2304
8 8 1037 2304
#
0 0 1034 2304
0 8 1035 2304
8 0 1036 2304
8 8 1037 2304
#
0 0 1034 2304
0 8 1035 2304
8 0 1036 2304
8 8 1037 2304
#
0 0 1034 2304
0 8 1035 2304
8 0 1036 2304
8 8 1037 2304
#
0 0 1034 2304
0 8 1035 2304
8 0 1036 2304
8 8 1037 2304
#
0 0 1034 2304
0 8 1035 2304
8 0 1036 2304
8 8 1037 2304
#
0 0 1034 2304
0 8 1035 2304
8 0 1036 2304
8 8 1037 2304
#
0 0 1034 2304
0 8 1035 2304
8 0 1036 2304
8 8 1037 2304
#
0 0 1034 2304
0 8 1035 2304
8 0 1036 2304
8 8 1037 2304
#
0 0 1034 2304
0 8 1035 2304
8 0 1036 2304
8 8 1037 2304
#
0 0 1034 2304
0 8 1035 2304
8 0 1036 2304
8 8 1037 2304
#
0 0 1034 2304
0 8 1035 2304
8 0 1036 2304
8 8 1037 2304
#
0 0 1034 2304
0 8 1035 2304
8 0 1036 2304
8 8 1037 2304
#
0 0 1034 2304
0 8 1035 2304
8 0 1036 2304
8 8 1037 2304
#
0 0 1034 2304
0 8 1035 2304
8 0 1036 2304
8 8 1037 2304
#
0 0 1034 2304
0 8 1035 2304
8 0 1036 2304
8 8 1037 2304
#
